,record_id,percent_male,percent_female,percent_child
0,21896,4.78,87.5,7.72
1,9514,10.94,67.97,21.09
2,54843,10,75.38,14.62
3,2550,7.1,84.15,8.74
4,31721,5.79,72.73,21.49
5,21704,6.33,76.58,17.09
6,25553,4.85,83.98,11.17
7,22378,7.69,81.2,11.11
8,57788,7.25,86.47,6.28
9,51643,10.14,48.65,41.22
10,10392,4.28,84.49,11.23
11,52987,4.27,88.41,7.32
12,36385,9.82,75,15.18
13,45032,5.09,81.02,13.89
14,20135,3.17,85.52,11.31
15,4308,5.78,85.78,8.44
16,28514,6.07,69.23,24.7
17,46374,7.19,81.29,11.51
18,19644,2.62,89.01,8.38
19,40067,5.65,82.26,12.1
20,26565,5.8,85.71,8.48
21,13404,7.63,73.28,19.08
22,13171,3.95,90.79,5.26
23,6093,6.67,86.22,7.11
24,36271,4.67,81.31,14.02
25,53449,3.94,86.02,10.04
26,51056,9.92,80.99,9.09
27,45274,8.4,72.52,19.08
28,17509,4.21,84.58,11.21
29,4681,4.24,76.27,19.49
30,48514,2.88,71.19,25.93
31,9483,5.22,86.19,8.58
32,34196,2.97,87.71,9.32
33,20128,9.57,80,10.43
34,21138,3.04,86.96,10
35,42018,2.99,91.03,5.98
36,50761,7.77,85.49,6.74
37,50812,4.35,88.14,7.51
38,50912,7.1,79.23,13.66
39,50974,16.67,65.83,17.5
40,50993,16.18,71.08,12.75
41,51028,5.91,87.27,6.82
42,51103,8.52,74.43,17.05
43,51268,2.7,78.38,18.92
44,39696,5.06,89.45,5.49
45,49967,6.74,80.83,12.44
46,7482,3.91,84.78,11.3
47,38638,5.06,84.18,10.76
48,9909,4.61,89.4,5.99
49,43552,4.32,58.38,37.3
50,46128,5.06,75.95,18.99
51,34915,8.28,74.56,17.16
52,37030,3.91,85.16,10.94
53,42192,3.01,88.72,8.27
54,14683,4.66,80.83,14.51
55,35623,9.52,69.05,21.43
56,43188,10.87,68.84,20.29
57,16828,8.64,75.31,16.05
58,10493,4.52,80.4,15.08
59,9768,6.22,88.44,5.33
60,28869,3.8,80.98,15.22
61,35939,9.72,80.56,9.72
62,29700,5.68,84.09,10.23
63,34001,5.37,86.78,7.85
64,28720,3.88,82.04,14.08
65,11935,7.61,77.16,15.23
66,15106,10.43,73.04,16.52
67,11440,8.38,67.07,24.55
68,45459,5.78,85.33,8.89
69,19989,5.16,67.61,27.23
70,6811,2.39,88.05,9.56
71,38678,4.67,51.33,44
72,33321,10.43,79.13,10.43
73,9079,5,77.5,17.5
74,2073,3.14,79.25,17.61
75,17343,2.99,88.06,8.96
76,44165,3.6,92,4.4
77,17,3.76,83.33,12.9
78,15700,6.33,83.26,10.41
79,37942,4.17,87.92,7.92
80,13554,8.39,78.71,12.9
81,22925,6.64,84.51,8.85
82,46735,5,84.58,10.42
83,25933,3.81,90.68,5.51
84,26132,8.89,76.3,14.81
85,30079,6.28,87.44,6.28
86,49958,7.03,85.95,7.03
87,39851,3.35,87.08,9.57
88,13734,8.62,76.44,14.94
89,2453,2.24,88.81,8.96
90,24462,5,77.5,17.5
91,36259,3.93,85.36,10.71
92,19412,2.66,90.49,6.84
93,31734,8.72,71.14,20.13
94,5315,6.86,80.39,12.75
95,12774,6.3,85.04,8.66
96,34752,9.27,74.17,16.56
97,29901,9.87,78.95,11.18
98,29928,7.44,80.17,12.4
99,30006,15.6,74.31,10.09
100,30023,12.96,75,12.04
101,30070,3.08,90.26,6.67
102,30159,9.15,77.46,13.38
103,30227,7.18,85.64,7.18
104,30312,6.61,85.9,7.49
105,23152,5.79,85.95,8.26
106,45409,3.25,89.02,7.72
107,15408,10.77,76.92,12.31
108,18422,6.4,78.4,15.2
109,32842,6.45,84.95,8.6
110,58426,5.23,88.24,6.54
111,38253,5.98,83.76,10.26
112,8793,5.86,89.96,4.18
113,2428,6.94,80.09,12.96
114,29281,2.25,86.52,11.24
115,27290,5.34,86.89,7.77
116,15709,5.8,83.93,10.27
117,51473,5.17,73.28,21.55
118,51509,5.26,72.93,21.8
119,51580,3.47,89.6,6.94
120,51656,4.15,87.55,8.3
121,51836,3.05,59.9,37.06
122,51840,14.22,75.86,9.91
123,51874,25.74,62.5,11.76
124,51950,2.75,58.79,38.46
125,45096,4.66,89.64,5.7
126,19340,5.43,69.93,24.64
127,13413,10.07,73.38,16.55
128,53765,3.36,89.92,6.72
129,7132,2.59,90.16,7.25
130,14927,12.38,76.19,11.43
131,25024,4.46,82.59,12.95
132,9805,2.01,89.96,8.03
133,42187,2.01,90.36,7.63
134,4867,7.3,75.84,16.85
135,50676,1.93,92.66,5.41
136,15174,2.26,88.3,9.43
137,25463,8.75,81.88,9.38
138,20057,7.29,84.38,8.33
139,45866,6.08,58.01,35.91
140,41829,7.49,87.17,5.35
141,15543,2.35,84.04,13.62
142,36282,3.78,83.78,12.43
143,43329,5.58,86.8,7.61
144,15411,4.38,79.56,16.06
145,1955,7.61,71.07,21.32
146,55905,3.61,82.99,13.4
147,52538,3.91,86.96,9.13
148,51238,4.29,85.84,9.87
149,42002,6.54,75.7,17.76
150,49471,5.56,53.47,40.97
151,7367,6.44,83.66,9.9
152,34153,2.8,84.58,12.62
153,4934,2.94,90.59,6.47
154,29084,3.7,82.1,14.2
155,21442,6.25,82.29,11.46
156,24907,7.34,85.88,6.78
157,49785,2.87,86.12,11
158,42101,5.1,87.76,7.14
159,42144,23.33,46.67,30
160,42156,21.74,57.25,21.01
161,42260,5.03,63.52,31.45
162,42299,4.66,89.64,5.7
163,42378,3.98,87.06,8.96
164,42464,4.46,75,20.54
165,42594,11.01,62.39,26.61
166,4404,2.26,90.19,7.55
167,38111,4.31,89.47,6.22
168,53638,6.34,87.8,5.85
169,39115,5.6,72.8,21.6
170,9863,9.68,80.65,9.68
171,11902,4.72,89.7,5.58
172,59058,6.76,88.29,4.95
173,23907,3.25,80.52,16.23
174,6698,5.74,81.97,12.3
175,35535,2.73,69.92,27.34
176,43841,8.9,72.6,18.49
177,41743,3.01,82.53,14.46
178,14839,4.26,62.23,33.51
179,30284,3.88,87.86,8.25
180,42268,3.11,74.32,22.57
181,20913,7.89,81.58,10.53
182,14089,3.42,85.62,10.96
183,1516,6.3,88.24,5.46
184,43944,3.2,85.39,11.42
185,56289,3.59,69.74,26.67
186,22604,4.03,86.29,9.68
187,22635,21.69,71.08,7.23
188,22657,16.43,72.46,11.11
189,22700,5.95,77.38,16.67
190,22796,6.44,78.71,14.85
191,22890,7.53,82.26,10.22
192,22943,5.61,81.12,13.27
193,23039,6.78,75.42,17.8
194,21460,7.24,78.29,14.47
195,31667,8.62,78.45,12.93
196,23304,4.94,88.89,6.17
197,11194,4.55,89.39,6.06
198,51278,5.54,84.13,10.33
199,35943,4.82,86.84,8.33
200,3082,2.33,88.33,9.34
201,59510,7.69,78.97,13.33
202,47149,7.14,68.83,24.03
203,56724,4.47,88.62,6.91
204,12408,2.76,88.95,8.29
205,31011,4.84,85.08,10.08
206,35014,6.9,74.48,18.62
207,41191,8.97,77.56,13.46
208,54788,6.75,50.92,42.33
209,31073,3.97,90.48,5.56
210,39519,4.89,87.5,7.61
211,42672,8.92,73.89,17.2
212,53552,5.41,83.24,11.35
213,58069,4.55,90,5.45
214,3258,5.41,87.16,7.43
215,45976,9.09,76.92,13.99
216,58756,7.84,74.51,17.65
217,32262,4.02,87.36,8.62
218,37723,9.38,71.09,19.53
219,39902,3.61,87.55,8.84
220,40386,3.76,85.45,10.8
221,29951,9.66,82.07,8.28
222,35411,5.83,87.92,6.25
223,45116,4.29,69.64,26.07
224,52846,3.4,91.91,4.68
225,5189,4.76,84.13,11.11
226,22366,3.11,84,12.89
227,47338,5.41,85.81,8.78
228,25090,5.51,88.98,5.51
229,14436,3.37,87.27,9.36
230,21572,5.23,83.66,11.11
231,51146,6.19,85.71,8.1
232,9728,5.99,86.64,7.37
233,30275,3.2,70,26.8
234,37866,5.61,86.73,7.65
235,32128,6.19,79.52,14.29
236,7225,4.32,81.48,14.2
237,49912,2.8,72.43,24.77
238,51164,5.52,88.95,5.52
239,4095,5.08,90.62,4.3
240,33927,2.66,82.45,14.89
241,28307,5.49,88.24,6.27
242,57091,5.12,88.58,6.3
243,42439,4.2,85.11,10.69
244,155,5.03,80.4,14.57
245,39160,6.13,80.66,13.21
246,46136,4.91,89.73,5.36
247,27245,5.33,82,12.67
248,42527,8.48,85.45,6.06
249,30484,7.59,85.44,6.96
250,12485,3.98,86.28,9.73
251,3327,6.7,83.93,9.38
252,13412,10.34,75,14.66
253,34715,2.48,90.59,6.93
254,34911,6.86,84.8,8.33
255,19588,3.61,91.24,5.15
256,4494,6.25,79.17,14.58
257,38317,12.1,64.52,23.39
258,9004,8.55,84.21,7.24
259,16099,7.87,80.9,11.24
260,51247,3.56,86.22,10.22
261,29286,7.28,83.01,9.71
262,6635,6.05,82.79,11.16
263,47714,3.94,90.94,5.12
264,14304,8.47,81.92,9.6
265,8758,10,69.23,20.77
266,35917,3.79,78.03,18.18
267,14306,5.47,75,19.53
268,22522,2.48,90.5,7.02
269,45885,3.82,84.73,11.45
270,58671,2.15,85.84,12.02
271,37883,4.81,81.28,13.9
272,37920,4.05,89.6,6.36
273,38001,8.06,84.83,7.11
274,38030,30.53,51.15,18.32
275,38128,4.66,82.38,12.95
276,38149,4.44,84.68,10.89
277,38227,3.47,78.47,18.06
278,38332,2.56,85.13,12.31
279,39858,7.37,85.79,6.84
280,43572,5.49,89.03,5.49
281,32142,8.2,81.97,9.84
282,9704,5.88,85.71,8.4
283,26211,6.9,86.21,6.9
284,32885,5.88,67.87,26.24
285,59231,4.17,52.38,43.45
286,58769,10.85,68.22,20.93
287,46342,5.85,87.77,6.38
288,34781,6.85,54.11,39.04
289,41310,4.62,84.97,10.4
290,41519,6.12,77.96,15.92
291,39897,8.97,77.24,13.79
292,32467,5.59,74.13,20.28
293,53527,3.55,79.29,17.16
294,22021,2.59,79.74,17.67
295,39067,6.78,82.2,11.02
296,16047,3.81,85.24,10.95
297,56846,4.07,85.07,10.86
298,36192,3.73,88.8,7.47
299,34531,3.8,87.5,8.7
300,32111,5.6,67.24,27.16
301,13795,3.95,89.47,6.58
302,13889,5.88,89.41,4.71
303,13932,30.71,59.06,10.24
304,13940,21.54,70.26,8.21
305,14011,4.15,85.28,10.57
306,14107,5.38,84.95,9.68
307,14129,4.12,84.71,11.18
308,14245,4.35,87.92,7.73
309,50042,4.05,71.26,24.7
310,39203,5.36,88.39,6.25
311,22570,5.86,82.43,11.72
312,40707,3.05,88.32,8.63
313,40771,12.57,81.71,5.71
314,40797,24.56,64.33,11.11
315,40863,4.3,89.06,6.64
316,40923,6.74,87.05,6.22
317,40983,4.57,89.5,5.94
318,41066,6.49,78.38,15.14
319,41185,5,90.45,4.55
320,31925,2.5,85.42,12.08
321,33041,8.75,75,16.25
322,10783,3.31,89.26,7.44
323,3304,11.2,70.4,18.4
324,24287,2.84,83.89,13.27
325,49740,7.69,82.84,9.47
326,31429,6.41,86.54,7.05
327,22899,3.12,66.52,30.36
328,55505,11.61,77.68,10.71
329,30833,5.71,81.43,12.86
330,55531,4.08,89.29,6.63
331,44294,5.33,85.33,9.33
332,3434,7.69,79.72,12.59
333,8798,11.11,74.36,14.53
334,35748,4.96,84.73,10.31
335,25392,4.37,78.16,17.48
336,42875,7.53,80.14,12.33
337,3539,3.21,83.97,12.82
338,50482,6.19,87.14,6.67
339,37630,3.01,86.75,10.24
340,53899,7.95,77.84,14.2
341,36493,9.35,66.91,23.74
342,22319,1.98,89.33,8.7
343,7681,2.54,90.86,6.6
344,51708,4.37,88.65,6.99
345,58653,2.37,88.54,9.09
346,28738,7.32,60.98,31.71
347,42867,9.38,79.38,11.25
348,53048,5.26,83.81,10.93
349,3380,7.19,77.78,15.03
350,37362,5.65,87.5,6.85
351,39881,2.87,83.91,13.22
352,36401,8.57,83.57,7.86
353,26868,2.68,81.7,15.62
354,21207,3.87,81.29,14.84
355,50635,5.4,85.25,9.35
356,56799,3.39,85.88,10.73
357,46887,3.7,77.04,19.26
358,20586,3.66,90.58,5.76
359,43141,8.38,82.12,9.5
360,42414,4,87.56,8.44
361,35687,3.5,87.5,9
362,46545,9.91,79.28,10.81
363,20016,4.41,86.76,8.82
364,23695,3.23,80.65,16.13
365,30958,6.98,70.54,22.48
366,20810,2.85,75.2,21.95
367,21392,5.91,82.26,11.83
368,57914,3.17,85.97,10.86
369,45359,5.2,87.73,7.06
370,29407,2.48,92.98,4.55
371,9205,10.94,76.56,12.5
372,33497,5.43,86.96,7.61
373,46123,4.51,78.95,16.54
374,20068,7.56,78.49,13.95
375,59041,3.57,91.67,4.76
376,29696,13.64,74.55,11.82
377,9605,3.6,79.86,16.55
378,5427,6.44,89.27,4.29
379,35867,2.15,87.55,10.3
380,30797,8.91,79.21,11.88
381,21726,4.92,81.15,13.93
382,21717,3.95,76.97,19.08
383,24584,2.58,87.08,10.33
384,51600,8.7,81.74,9.57
385,28802,4.72,80.19,15.09
386,32425,7.56,54.65,37.79
387,26819,11.11,78.7,10.19
388,25631,7.75,71.13,21.13
389,33471,4.48,87.31,8.21
390,42929,4.7,83.76,11.54
391,38931,6.9,56.65,36.45
392,23256,5.26,88.16,6.58
393,20196,6.47,83.53,10
394,59303,5.13,88.46,6.41
395,54528,5.73,66.24,28.03
396,34654,6.62,72.79,20.59
397,37859,11.48,70.49,18.03
398,158,2.86,92.38,4.76
399,11043,6.49,82.7,10.81
400,6599,6.73,87.44,5.83
401,22619,5.7,88.97,5.32
402,39423,9.65,76.32,14.04
403,2839,4.41,90.69,4.9
404,27270,7.91,82.73,9.35
405,55278,9.76,69.11,21.14
406,11764,6.67,85.71,7.62
407,50302,7.38,78.52,14.09
408,10249,2.97,84.65,12.38
409,54432,8.39,80.42,11.19
410,46473,8.11,84.86,7.03
411,24544,4.68,80.7,14.62
412,56714,2.67,82.89,14.44
413,56537,6.51,76.28,17.21
414,39272,3.91,83.48,12.61
415,59085,3.24,90.27,6.49
416,58062,5,90,5
417,23009,5.49,89.02,5.49
418,35373,3.77,90.57,5.66
419,25387,12.07,74.14,13.79
420,40166,4.84,89.52,5.65
421,6454,3.79,91.47,4.74
422,41073,4.58,90.46,4.96
423,20258,2.03,89.43,8.54
424,25730,3.95,91.67,4.39
425,55646,4.69,90.61,4.69
426,33807,4.52,86.43,9.05
427,2385,6.67,83.56,9.78
428,23350,7.64,78.98,13.38
429,37395,4.31,81.34,14.35
430,37471,4.56,84.79,10.65
431,37537,9.04,74.47,16.49
432,37550,20.25,70.55,9.2
433,37610,4.4,79.67,15.93
434,37741,8.82,55.15,36.03
435,37822,5.88,79.41,14.71
436,37830,2.31,85.19,12.5
437,32989,11.02,75.42,13.56
438,10902,4.85,79.39,15.76
439,25687,4.37,86.34,9.29
440,14544,7.25,81.16,11.59
441,58191,4.55,62.73,32.73
442,6695,5.11,81.02,13.87
443,58994,5.34,82.52,12.14
444,32671,5.96,87.66,6.38
445,57254,2.9,86.96,10.14
446,2443,5.13,84.62,10.26
447,53179,4.93,80.28,14.79
448,19371,8.67,83.24,8.09
449,21146,2.94,90.59,6.47
450,30972,6.07,87.04,6.88
451,11818,2.99,87.43,9.58
452,43997,3.95,86.56,9.49
453,33000,3.21,88.76,8.03
454,48801,6.42,81.19,12.39
455,52572,5.8,61.84,32.37
456,18494,5.59,81.37,13.04
457,59264,6.67,78.33,15
458,12429,3.65,82.29,14.06
459,32097,6.85,84.02,9.13
460,30923,2.35,87.45,10.2
461,8479,4.2,90.84,4.96
462,27357,5.13,75.21,19.66
463,34778,2.94,91.18,5.88
464,22192,2.99,78.21,18.8
465,27580,5.65,89.52,4.84
466,23618,5.92,86.98,7.1
467,7699,6.96,77.22,15.82
468,5800,5.16,65.73,29.11
469,32874,6.3,79.53,14.17
470,5039,5.15,63.52,31.33
471,11709,4.76,86.77,8.47
472,35264,8.39,65.81,25.81
473,16703,5,89.62,5.38
474,20764,4,85.33,10.67
475,42373,7.14,80.77,12.09
476,22611,5.38,87.1,7.53
477,57490,6.22,85.06,8.71
478,2557,10.69,74.05,15.27
479,1452,7.89,85.26,6.84
480,34495,2.96,91.12,5.92
481,10544,3.8,83.15,13.04
482,38831,8.49,78.3,13.21
483,5452,6.92,76.73,16.35
484,51627,5.43,87.21,7.36
485,36694,8.82,80.88,10.29
486,30621,3.38,92.41,4.22
487,29875,6.02,72.93,21.05
488,37404,3.01,87.97,9.02
489,24724,4.24,87.27,8.48
490,17336,5.29,90.31,4.41
491,46995,6.01,81.97,12.02
492,25899,4.31,89.02,6.67
493,13845,7.83,86.14,6.02
494,26397,9.03,70.83,20.14
495,33594,6.51,79.88,13.61
496,24756,2.87,85.25,11.89
497,26223,13.89,75.93,10.19
498,19387,4.49,83.27,12.24
499,39911,5.43,89.92,4.65
500,49661,8.72,77.91,13.37
501,23295,6.11,75.57,18.32
502,16229,3.37,84.83,11.8
503,52507,5.53,86.81,7.66
504,24445,2.92,91.25,5.83
505,31635,11.3,73.91,14.78
506,30666,7.1,85.81,7.1
507,37993,7.07,55.98,36.96
508,50169,4.68,87.13,8.19
509,59397,2.4,89.6,8
510,24811,7.73,86.74,5.52
511,3878,3.08,89.23,7.69
512,47684,5.47,84.58,9.95
513,496,2.76,90.78,6.45
514,52672,2.81,92.77,4.42
515,40364,3.37,86.54,10.1
516,47752,8.81,53.46,37.74
517,645,8.52,74.43,17.05
518,16860,8.41,82.24,9.35
519,43703,2.88,83.65,13.46
520,57143,6.73,81.17,12.11
521,49501,3.25,86.36,10.39
522,39863,6.44,88.61,4.95
523,34141,7.1,77.51,15.38
524,34243,8.33,82.14,9.52
525,34314,4,87.6,8.4
526,34450,2.49,92.53,4.98
527,34559,3.32,83.89,12.8
528,34583,10.4,78.71,10.89
529,34600,18.07,70.28,11.65
530,34621,6.07,84.58,9.35
531,11226,7.3,81.75,10.95
532,53580,9.16,81.68,9.16
533,27084,4.59,82.14,13.27
534,5992,9.46,76.35,14.19
535,53,6.74,76.17,17.1
536,15690,7.58,80.3,12.12
537,49537,6.32,65.26,28.42
538,41481,3.83,90.42,5.75
539,54782,2.02,75,22.98
540,38837,4.53,87.65,7.82
541,5227,4.92,80.33,14.75
542,54761,5.42,84.17,10.42
543,57346,4.74,89.33,5.93
544,16557,5.91,82.26,11.83
545,35353,3.63,59.07,37.31
546,14439,6.33,79.75,13.92
547,37814,6.25,65.62,28.12
548,45737,7.38,70.49,22.13
549,28493,5.84,84.05,10.12
550,6751,2.13,86.81,11.06
551,2666,9.27,83.44,7.28
552,42395,5,85.42,9.58
553,51987,5.3,81.06,13.64
554,59512,4.69,89.45,5.86
555,31782,3.76,78.95,17.29
556,30186,4.3,86.56,9.14
557,14442,5.62,83.52,10.86
558,52853,2.38,87.62,10
559,2352,8.88,79.29,11.83
560,16203,3.47,54.17,42.36
561,10824,5.97,75.37,18.66
562,41395,9.77,78.95,11.28
563,33074,4.32,87.77,7.91
564,22068,6.17,82.72,11.11
565,46054,3.88,84.05,12.07
566,12699,3.14,86.79,10.06
567,10262,3.64,82.73,13.64
568,35009,6.67,83.03,10.3
569,58269,3.26,80,16.74
570,7030,3.47,87.28,9.25
571,22970,5.35,83.96,10.7
572,13080,5.13,86.32,8.55
573,48890,5.95,83.33,10.71
574,14355,4.46,82.18,13.37
575,31271,5.58,88.41,6.01
576,5636,5.67,72.34,21.99
577,19231,14.15,75.47,10.38
578,13736,5.48,79.91,14.61
579,50008,3.54,88.89,7.58
580,12936,4.17,84.38,11.46
581,26388,4.49,83.97,11.54
582,59654,3.21,81.82,14.97
583,31398,6.03,89.22,4.74
584,6225,6.19,80.53,13.27
585,33291,3.57,77.86,18.57
586,27235,7.41,83.6,8.99
587,22575,8,69.6,22.4
588,5371,3.57,77.14,19.29
589,22526,5.49,83.92,10.59
590,32964,2.76,68.9,28.35
591,37992,7.21,68.75,24.04
592,32663,6.5,88.5,5
593,21969,11.76,78.99,9.24
594,30829,9.72,77.78,12.5
595,6073,3.07,91.23,5.7
596,27511,4.93,82.06,13
597,42046,5.68,86.9,7.42
598,11205,5.66,86.42,7.92
599,10004,9.82,71.43,18.75
600,10357,8.51,70.92,20.57
601,43345,10,78.33,11.67
602,7151,3.54,92.13,4.33
603,31803,3.52,84.58,11.89
604,10632,6.06,82.58,11.36
605,38924,10.34,55.86,33.79
606,56813,6.44,83.69,9.87
607,37204,1.93,92.28,5.79
608,46626,2.97,88.1,8.92
609,40917,5.42,87.68,6.9
610,44560,2.72,85.87,11.41
611,56490,7.08,80.19,12.74
612,8197,2.78,86.51,10.71
613,51389,3.02,91.96,5.03
614,29654,5.38,66.67,27.96
615,228,3.91,82.12,13.97
616,31446,7.08,73.11,19.81
617,49028,5.98,89.24,4.78
618,3182,8.11,79.46,12.43
619,3209,8.88,60.95,30.18
620,3222,11.18,79.41,9.41
621,3302,5,78.12,16.88
622,3390,3.67,84.86,11.47
623,3407,6.25,71.88,21.88
624,3567,6.45,70.97,22.58
625,3615,8.57,80,11.43
626,39025,8.4,82.44,9.16
627,6310,5.88,82.35,11.76
628,40475,9.38,70.31,20.31
629,29141,3.08,82.05,14.87
630,14185,5.75,83.63,10.62
631,31956,8.05,75.86,16.09
632,266,7.19,72.55,20.26
633,27943,5.46,63.45,31.09
634,8315,8.49,77.36,14.15
635,58154,4.09,88.64,7.27
636,10316,5.5,83,11.5
637,16657,6.45,86.56,6.99
638,40263,2.78,89.35,7.87
639,15497,5.45,78.79,15.76
640,33526,4.8,75.2,20
641,26675,2.98,54.17,42.86
642,8416,6.44,80.69,12.87
643,56337,7.87,79.53,12.6
644,54358,7.03,74.59,18.38
645,34875,9.42,71.01,19.57
646,3475,7.28,81.55,11.17
647,36774,3.74,80.75,15.51
648,8133,8.33,73.33,18.33
649,15529,4.55,84.71,10.74
650,16023,2.48,92.56,4.96
651,14652,2.48,89.26,8.26
652,9014,6.25,84.38,9.38
653,9155,3,80.5,16.5
654,9169,16.52,77.68,5.8
655,9196,18.06,57.41,24.54
656,9231,5.64,88.72,5.64
657,9367,5.06,53.16,41.77
658,9368,2.21,87.45,10.33
659,9501,4.48,82.96,12.56
660,13560,6.58,84.65,8.77
661,1464,7.04,80.9,12.06
662,1521,5.81,86.43,7.75
663,1614,8.11,73.65,18.24
664,1752,3.59,78.44,17.96
665,1788,4.61,84.33,11.06
666,1851,14.47,66.67,18.87
667,1867,12.5,72.02,15.48
668,1911,3.79,85.23,10.98
669,32904,2.76,89.37,7.87
670,23147,6.74,78.65,14.61
671,33297,5.83,60.68,33.5
672,27060,2.91,87.21,9.88
673,40395,10.87,73.19,15.94
674,16598,5.19,72.59,22.22
675,24198,9.86,77.46,12.68
676,54746,5.88,83.19,10.92
677,19720,4.83,82.07,13.1
678,20285,12.5,73.21,14.29
679,46395,5.26,82.46,12.28
680,20018,9.35,75.7,14.95
681,2208,3.12,62.5,34.38
682,57993,10.34,70.69,18.97
683,55704,8.88,81.66,9.47
684,29731,10.07,50.34,39.6
685,49491,3.51,83.33,13.16
686,43948,3.54,81.31,15.15
687,7061,6.54,79.44,14.02
688,29823,4.26,76.06,19.68
689,49409,5.51,87.4,7.09
690,36016,3.76,87.22,9.02
691,10119,6.92,54.62,38.46
692,2535,1.93,90.73,7.34
693,17301,4.9,60.84,34.27
694,17799,8.9,50,41.1
695,41668,6.25,78.12,15.62
696,16225,6.17,87.24,6.58
697,25935,7.43,81.08,11.49
698,20167,8.12,83.75,8.12
699,8237,5.68,86.36,7.95
700,43292,6.67,82.56,10.77
701,33566,7.54,77.89,14.57
702,44477,4.72,83.69,11.59
703,13234,6.42,80.73,12.84
704,20924,3.38,85.14,11.49
705,23705,4.61,82.49,12.9
706,23252,10.91,78.18,10.91
707,36839,6.07,89.47,4.45
708,56400,4.47,91.46,4.07
709,1125,6.58,84.87,8.55
710,50782,3.29,77.63,19.08
711,6544,6.71,85.23,8.05
712,14597,7.91,82.01,10.07
713,25202,8.28,84.62,7.1
714,17691,4.31,85.34,10.34
715,32775,6.41,47.44,46.15
716,59459,3.1,91.86,5.04
717,5133,6.4,82.27,11.33
718,8005,5.88,84.45,9.66
719,27097,6.36,70,23.64
720,25997,6.49,87.01,6.49
721,19503,4.46,81.53,14.01
722,22747,4.55,60.61,34.85
723,37406,6.84,78.95,14.21
724,47590,8.63,71.22,20.14
725,15234,6.22,66.51,27.27
726,21472,6.74,79.21,14.04
727,5848,5.67,89.47,4.86
728,11438,3.09,75.31,21.6
729,32766,6.52,80.43,13.04
730,31543,4.41,76.65,18.94
731,58698,5,73.46,21.54
732,15217,5.58,88.83,5.58
733,4126,4.72,81.13,14.15
734,6112,4.9,70.59,24.51
735,12480,6.01,83.26,10.73
736,607,8.75,73.75,17.5
737,50857,9.4,76.07,14.53
738,54489,8.72,76.51,14.77
739,44215,5.53,87.1,7.37
740,11223,6.9,76.55,16.55
741,51291,5.74,88.04,6.22
742,6166,5.45,87.27,7.27
743,9315,7.04,83.57,9.39
744,17370,10.34,73.28,16.38
745,12808,5.75,84.51,9.73
746,49494,3.64,91.5,4.86
747,42511,2.75,82.57,14.68
748,222,3.17,88.89,7.94
749,30497,5.16,77.42,17.42
750,39750,9.43,81.13,9.43
751,55869,6.45,54.84,38.71
752,34362,4.29,79.29,16.43
753,52082,3.92,86.27,9.8
754,52523,5.29,84.66,10.05
755,57248,7.43,84.65,7.92
756,7214,4.89,83.11,12
757,54422,4.71,89.41,5.88
758,43625,4.12,71.91,23.97
759,23871,4.17,83.8,12.04
760,24016,7.3,55.47,37.23
761,24037,12.69,74.63,12.69
762,24053,12.39,78.76,8.85
763,24144,5.59,59.22,35.2
764,24163,4.92,86.07,9.02
765,24324,6.67,71.52,21.82
766,24352,3.78,89.92,6.3
767,33106,5.02,88.42,6.56
768,42584,4.76,55.56,39.68
769,5976,9.23,74.62,16.15
770,15452,2.65,89.95,7.41
771,54803,4.51,84.96,10.53
772,10801,5.69,82.11,12.2
773,46066,9.85,75,15.15
774,12156,7.44,84.3,8.26
775,10431,2.52,89.08,8.4
776,35833,4.31,73.28,22.41
777,5113,7.55,82.08,10.38
778,51331,9.29,72.14,18.57
779,2686,3.89,83.89,12.22
780,17694,5.44,85.71,8.84
781,8388,3.42,86.32,10.26
782,40673,6.29,61.14,32.57
783,57714,3.95,89.47,6.58
784,58232,4.63,84.94,10.42
785,56441,8.33,78.33,13.33
786,16239,2.53,88.61,8.86
787,20928,6.82,50.76,42.42
788,2851,5.28,86.59,8.13
789,11493,5.68,77.84,16.48
790,41405,4.68,87.23,8.09
791,727,6.7,61.72,31.58
792,17576,4.64,81.44,13.92
793,33191,6.52,59.24,34.24
794,23950,2.31,86.54,11.15
795,48336,3.14,91.93,4.93
796,49564,5.52,86.5,7.98
797,14603,6.88,78.12,15
798,53858,3.75,85.62,10.62
799,12945,4.91,84.91,10.19
800,33485,2.86,81.14,16
801,1159,5.62,86.75,7.63
802,36306,5.66,77.36,16.98
803,17910,4.84,81.72,13.44
804,51,4.13,80.28,15.6
805,14477,6.85,82.19,10.96
806,51958,12,68.8,19.2
807,11834,5.49,61.59,32.93
808,9428,2.99,87.31,9.7
809,26040,7.29,79.69,13.02
810,51186,6.54,80.37,13.08
811,59761,7.14,82.86,10
812,20104,4.24,72.03,23.73
813,12779,4.32,77.78,17.9
814,23281,6.17,81.06,12.78
815,59081,3.27,88.98,7.76
816,33932,2.72,75,22.28
817,36549,5.65,88.31,6.05
818,319,2.97,87.71,9.32
819,13416,9.92,78.51,11.57
820,36696,5.31,89.82,4.87
821,35949,6.37,88.73,4.9
822,37436,4.21,81.58,14.21
823,18810,9.15,73.24,17.61
824,45511,6.67,77.22,16.11
825,35736,4.62,70.77,24.62
826,6147,4.26,85.11,10.64
827,49434,10.43,70.43,19.13
828,27600,4.56,85.06,10.37
829,50566,3.68,77.94,18.38
830,30525,6.95,77.54,15.51
831,30371,6.57,81.75,11.68
832,14435,5.81,89.92,4.26
833,15299,4.13,75.21,20.66
834,30600,10.24,74.8,14.96
835,17757,5.36,84.82,9.82
836,22097,5.08,88.56,6.36
837,37213,10.37,73.33,16.3
838,9607,5.33,86.67,8
839,36255,4.39,87.8,7.8
840,3175,10.29,75.74,13.97
841,58760,4.29,82.82,12.88
842,58845,1.85,88.52,9.63
843,58895,5.44,89.54,5.02
844,58981,3.12,83.12,13.75
845,59033,5.19,77.78,17.04
846,59115,12.95,78.76,8.29
847,59147,20.9,65.17,13.93
848,59217,4.92,89.75,5.33
849,220,7.14,77.55,15.31
850,47013,4.07,88.89,7.04
851,21385,3.23,83.87,12.9
852,40833,4.07,84.62,11.31
853,13905,4.09,58.48,37.43
854,3053,2.99,86.23,10.78
855,50417,5.26,84.21,10.53
856,13424,3.4,89.79,6.81
857,30768,3.8,64.56,31.65
858,40029,5.07,88.94,5.99
859,45601,6.31,80.18,13.51
860,20682,4.31,86.21,9.48
861,41029,5.22,84.33,10.45
862,41118,8.72,54.65,36.63
863,41211,10.07,57.72,32.21
864,41214,11.01,82.57,6.42
865,41247,25.28,63.48,11.24
866,41294,2.65,89.82,7.52
867,41394,1.98,90.87,7.14
868,41491,4.84,75.81,19.35
869,18925,4.04,84.75,11.21
870,48072,8.38,86.03,5.59
871,4037,2.36,85.83,11.81
872,19271,5.48,80.82,13.7
873,38881,5.3,78.81,15.89
874,56910,3.7,90.95,5.35
875,51314,5.43,79.07,15.5
876,53350,5.31,83.57,11.11
877,35699,8.38,85.63,5.99
878,51612,1.97,92.52,5.51
879,13401,8.27,82.71,9.02
880,32405,5.62,86.52,7.87
881,6540,11.36,73.48,15.15
882,7952,5.7,88.59,5.7
883,40425,9.35,77.7,12.95
884,4009,4.95,80.2,14.85
885,56041,4.88,84.39,10.73
886,3453,2.64,91.63,5.73
887,35716,4.53,89.81,5.66
888,46836,3.21,80.77,16.03
889,28003,3.62,90.5,5.88
890,59741,6.2,81.4,12.4
891,48362,2.4,83.17,14.42
892,12328,5.53,86.38,8.09
893,30576,4.23,75.35,20.42
894,5538,5.18,80.83,13.99
895,15829,5.28,90.19,4.53
896,50330,3.31,89.26,7.44
897,32674,4.71,88.63,6.67
898,15608,6.84,86.32,6.84
899,6217,6.8,83.98,9.22
900,24001,5.5,60,34.5
901,36012,4.07,86.3,9.63
902,47676,2.75,90.66,6.59
903,46768,9.02,69.67,21.31
904,49610,6.4,71.2,22.4
905,17898,3.63,86.69,9.68
906,59447,5.26,85.71,9.02
907,27042,6.02,79.52,14.46
908,32702,8.33,78.33,13.33
909,23344,7.58,74.24,18.18
910,54195,5.58,79.19,15.23
911,44695,8.33,84.03,7.64
912,43939,8.02,77.01,14.97
913,51464,4.64,83.97,11.39
914,6965,4.53,89.06,6.42
915,36511,4.37,86.9,8.73
916,23231,8.77,83.63,7.6
917,52351,7.33,86,6.67
918,51596,4.38,81.02,14.6
919,13679,5.58,87.73,6.69
920,21475,6.15,83.85,10
921,15935,3.93,90.83,5.24
922,16934,9.79,69.23,20.98
923,51207,7.54,86.93,5.53
924,19478,3.56,84,12.44
925,1152,2.91,90.12,6.98
926,13362,6.08,88.4,5.52
927,43568,2.78,85,12.22
928,23893,4.82,83.53,11.65
929,36673,6.25,82.21,11.54
930,11977,5.66,87.92,6.42
931,24187,5.59,75.78,18.63
932,40579,6.4,79.2,14.4
933,50878,2.75,74.12,23.14
934,8174,3.43,87.75,8.82
935,59762,5.7,84.46,9.84
936,20995,1.98,93.28,4.74
937,31182,3.78,84.86,11.35
938,9363,5.8,64.29,29.91
939,8639,3.11,89.33,7.56
940,43169,4.4,49.06,46.54
941,15291,5.76,83.13,11.11
942,47583,6.03,85.93,8.04
943,47135,11.11,74.81,14.07
944,2393,10.09,78.9,11.01
945,45854,10.43,75.65,13.91
946,11956,7.41,73.33,19.26
947,56507,5.41,85.71,8.88
948,1629,3.11,82.38,14.51
949,53976,4.21,80,15.79
950,50104,3.54,90.94,5.51
951,11477,6.64,84.83,8.53
952,16981,1.87,71.64,26.49
953,34716,4.07,87.8,8.13
954,47059,3.53,78.24,18.24
955,46008,3.48,85.07,11.44
956,3478,4.29,86.5,9.2
957,50765,3.9,90.91,5.19
958,12071,3.83,84.21,11.96
959,5889,4.66,80.93,14.41
960,45519,5.14,90.51,4.35
961,46561,9.87,80.92,9.21
962,8191,3.88,81.4,14.73
963,13,5.23,78.43,16.34
964,55627,12.5,77.88,9.62
965,12652,6.96,72.15,20.89
966,31611,5.24,89.14,5.62
967,23939,4.28,89.49,6.23
968,23307,7.84,79.41,12.75
969,37479,3.97,81.46,14.57
970,22877,3.17,85.71,11.11
971,6967,10.07,81.21,8.72
972,46549,4.27,88.41,7.32
973,19392,11.2,80.8,8
974,22078,4.76,83.67,11.56
975,6918,8.96,75.37,15.67
976,35086,3.17,74.6,22.22
977,55229,4.05,86.23,9.72
978,34727,2.92,87.72,9.36
979,31986,9.85,80.3,9.85
980,53640,3.16,90.53,6.32
981,45997,2.23,84.38,13.39
982,38972,2.79,91.06,6.15
983,24467,7.22,87.22,5.56
984,39299,2.92,81.87,15.2
985,36468,6.8,81.07,12.14
986,36541,4.46,85.71,9.82
987,48613,8.7,83.33,7.97
988,16502,6.33,55.06,38.61
989,59259,4.96,79.43,15.6
990,29613,6.28,87.44,6.28
991,36995,6.25,85.27,8.48
992,4722,5.24,84.27,10.48
993,11272,2.15,67.38,30.47
994,11331,9.38,75,15.62
995,11427,6.35,70.63,23.02
996,11448,10.69,79.39,9.92
997,11551,6.7,86.59,6.7
998,11631,17.81,74.89,7.31
999,11661,20.75,65.09,14.15
1000,11705,2.72,81.52,15.76
1001,24654,10.69,69.47,19.85
1002,31965,3.57,88.57,7.86
1003,15216,4.12,78.82,17.06
1004,5042,7.41,62.96,29.63
1005,28321,10.37,80,9.63
1006,28333,8.61,82.12,9.27
1007,57915,4.31,88.24,7.45
1008,58071,4.94,83.95,11.11
1009,55525,5.41,81.98,12.61
1010,55584,7.85,68.06,24.08
1011,55591,25.34,67.12,7.53
1012,55605,5.79,79.47,14.74
1013,55761,6.18,78.65,15.17
1014,55781,6.45,83.87,9.68
1015,55923,3.97,82.12,13.91
1016,56010,3.27,85.98,10.75
1017,17947,2.21,87.13,10.66
1018,58448,3.42,78.08,18.49
1019,32651,5.68,82.95,11.36
1020,43855,10,50,40
1021,47703,3.08,91.15,5.77
1022,41046,10.95,75.91,13.14
1023,44073,3.12,88.67,8.2
1024,43178,5.02,84.93,10.05
1025,57007,4.73,75,20.27
1026,39598,6.47,84.05,9.48
1027,52557,4.02,87.55,8.43
1028,13658,4.41,71.32,24.26
1029,47970,4.37,85.79,9.84
1030,48182,2.94,87.25,9.8
1031,32489,8.51,83.69,7.8
1032,3868,2.83,85.85,11.32
1033,4366,10.56,73.94,15.49
1034,3524,3.08,90.77,6.15
1035,58843,8,70.4,21.6
1036,11622,3.98,76.12,19.9
1037,44746,6.25,88.02,5.73
1038,44830,17.39,72.67,9.94
1039,44850,20.27,67.12,12.61
1040,44882,2.86,86.53,10.61
1041,45043,7.84,58.17,33.99
1042,45128,10.57,58.54,30.89
1043,45135,7.85,79.58,12.57
1044,45216,5.49,83.52,10.99
1045,57976,5.41,79.28,15.32
1046,8770,9.49,82.91,7.59
1047,28896,9.79,78.32,11.89
1048,3276,5.58,88.41,6.01
1049,54075,5.49,80.49,14.02
1050,43109,7.24,82.24,10.53
1051,10294,6.82,88.64,4.55
1052,19618,6.06,86.67,7.27
1053,16233,5.29,88.89,5.82
1054,44028,4.58,79.39,16.03
1055,24323,8.02,59.36,32.62
1056,59767,4.98,84.29,10.73
1057,21041,8.12,80,11.88
1058,21101,9.56,75.74,14.71
1059,21191,5.77,86.06,8.17
1060,21292,14.94,77.59,7.47
1061,21314,34.96,48.78,16.26
1062,21369,4.35,77.64,18.01
1063,21430,4.79,80.24,14.97
1064,21512,6.77,85.94,7.29
1065,46620,4.96,83.59,11.45
1066,48787,3.35,74.3,22.35
1067,50737,6.34,76.59,17.07
1068,48651,5.96,77.48,16.56
1069,7087,2.87,71.77,25.36
1070,4103,3.49,86.46,10.04
1071,25163,2.94,86.03,11.03
1072,25572,4.46,87.05,8.48
1073,45169,6.63,78.31,15.06
1074,45215,8.51,78.01,13.48
1075,45308,18.94,68.72,12.33
1076,45337,18.01,71.56,10.43
1077,45422,6.13,65.09,28.77
1078,45476,4.72,84.55,10.73
1079,45569,5.68,83.71,10.61
1080,45595,6.8,78.91,14.29
1081,28204,2.97,87.29,9.75
1082,50816,8,74,18
1083,1226,9.09,82.47,8.44
1084,39632,6.31,88.83,4.85
1085,642,2.18,86.46,11.35
1086,7618,9.43,77.99,12.58
1087,9072,6.8,80.58,12.62
1088,18473,3.11,83.23,13.66
1089,12357,4.21,90.53,5.26
1090,33026,2.8,89.25,7.94
1091,51738,4.59,66.06,29.36
1092,32747,6.88,83.75,9.38
1093,20911,5.71,88.1,6.19
1094,29317,4.82,89.16,6.02
1095,37325,4.11,64.38,31.51
1096,22124,4.95,89.56,5.49
1097,19656,6.37,74.52,19.11
1098,13969,5.21,80.73,14.06
1099,50317,6.39,81.28,12.33
1100,59061,8.33,75,16.67
1101,12323,8.88,77.51,13.61
1102,1049,4,85.45,10.55
1103,540,5.63,90.04,4.33
1104,58666,7.43,82.43,10.14
1105,51826,5.22,75.65,19.13
1106,9839,6.1,72.3,21.6
1107,9571,7.53,86.02,6.45
1108,59991,6.88,79.89,13.23
1109,46943,4.38,84.46,11.16
1110,53946,8.7,78.99,12.32
1111,26030,10.57,52.85,36.59
1112,50346,7.03,82.81,10.16
1113,30845,5.29,64.12,30.59
1114,55558,3.02,85.93,11.06
1115,54594,5.3,85.98,8.71
1116,35296,4.42,84.96,10.62
1117,26619,2.36,85.38,12.26
1118,2625,3,87.98,9.01
1119,30930,7.07,84.78,8.15
1120,52186,6.03,68.84,25.13
1121,50869,6.36,87.27,6.36
1122,36193,5.5,86.24,8.26
1123,35055,12.28,74.56,13.16
1124,55205,5.29,84.14,10.57
1125,46890,6.06,81.39,12.55
1126,25153,5.56,79.29,15.15
1127,47555,4.55,88.64,6.82
1128,11823,10.16,69.53,20.31
1129,54839,3.15,91.73,5.12
1130,40374,7.61,86.8,5.58
1131,49528,6.06,81.82,12.12
1132,19148,7.81,84.9,7.29
1133,12390,2.36,85.38,12.26
1134,57762,10.37,79.26,10.37
1135,51630,5.98,85.87,8.15
1136,26967,3.6,81.29,15.11
1137,34957,3.86,89.37,6.76
1138,9608,6.11,85,8.89
1139,50087,5.92,87.57,6.51
1140,4398,4.33,87.4,8.27
1141,57613,2.99,91.45,5.56
1142,31300,5.38,66.15,28.46
1143,35622,3.41,83.9,12.68
1144,59842,2.12,90.25,7.63
1145,59892,7.02,70.18,22.81
1146,60013,7.09,75.59,17.32
1147,60031,18.72,73.8,7.49
1148,60067,17.93,73.1,8.97
1149,60077,2.95,86.5,10.55
1150,60111,5.28,68.3,26.42
1151,60127,7.74,74.4,17.86
1152,16450,6.08,85.14,8.78
1153,51196,8.15,75.56,16.3
1154,988,5.13,82.91,11.97
1155,50496,6.5,85.5,8
1156,13265,4.37,89.08,6.55
1157,40520,8.8,68,23.2
1158,42240,4.72,82.4,12.88
1159,22841,3.79,87.88,8.33
1160,25348,5.38,83.87,10.75
1161,21698,6.56,71.31,22.13
1162,15542,1.86,88.1,10.04
1163,4462,4.9,82.84,12.25
1164,10872,6.12,86.39,7.48
1165,10859,3.82,91.22,4.96
1166,3898,6.58,85.53,7.89
1167,15886,4.2,86.71,9.09
1168,52392,5.19,78.3,16.51
1169,21066,4.2,85.5,10.31
1170,9060,7.01,68.22,24.77
1171,15966,4.71,79.58,15.71
1172,50922,2.26,91.4,6.33
1173,44445,3.29,88.89,7.82
1174,35814,5.08,64.41,30.51
1175,28695,8.09,75.72,16.18
1176,14554,4.06,87.31,8.63
1177,12698,5.84,74.45,19.71
1178,8861,8.15,82.61,9.24
1179,25648,7.76,83.62,8.62
1180,57385,4.52,70.32,25.16
1181,23294,3.65,84.02,12.33
1182,16975,12.4,71.9,15.7
1183,11111,3.77,86.79,9.43
1184,16526,7.82,80.45,11.73
1185,21521,8.38,73.65,17.96
1186,7462,3.31,85.43,11.26
1187,56914,6.7,79.43,13.88
1188,9209,5.74,83.61,10.66
1189,29830,3.49,68.22,28.29
1190,225,3.52,81.41,15.08
1191,14027,5.35,84.49,10.16
1192,11708,4.81,80.77,14.42
1193,27230,3.2,86,10.8
1194,54722,10.49,80.42,9.09
1195,49518,6.31,79.61,14.08
1196,33348,9.82,77.68,12.5
1197,15165,3.25,85.92,10.83
1198,21891,9.52,76.98,13.49
1199,20174,5.26,65.13,29.61
1200,47700,3.37,89.89,6.74
1201,53433,3.88,83.98,12.14
1202,4385,4.35,78.88,16.77
1203,59017,3.51,88.89,7.6
1204,14988,4.07,54.65,41.28
1205,30393,6.08,82.43,11.49
1206,55480,10.4,79.2,10.4
1207,14343,4.1,85.64,10.26
1208,23274,3.7,77.16,19.14
1209,26699,4.68,85.96,9.36
1210,36483,8.57,67.43,24
1211,48599,5.49,83.92,10.59
1212,4372,3.35,85.17,11.48
1213,28016,1.95,91.41,6.64
1214,28340,10.07,81.88,8.05
1215,44102,5.88,81.28,12.83
1216,44230,11.45,58.78,29.77
1217,44314,3.59,76.23,20.18
1218,44332,23.68,69.47,6.84
1219,44349,14.71,75.29,10
1220,44467,8.05,52.3,39.66
1221,44478,3.11,90.67,6.22
1222,44555,6.67,81.78,11.56
1223,35753,5.66,75.47,18.87
1224,27874,5.83,84.47,9.71
1225,32740,3.23,90.32,6.45
1226,47591,6.54,84.31,9.15
1227,12927,8.98,76.65,14.37
1228,37192,4.98,80.1,14.93
1229,36316,5.2,69.89,24.91
1230,17431,3.03,90.4,6.57
1231,8924,4.9,90.2,4.9
1232,3597,8,82.29,9.71
1233,12292,4.61,55.26,40.13
1234,11101,6.55,85.71,7.74
1235,28966,3,87.5,9.5
1236,59232,3.6,75.2,21.2
1237,4975,4.87,88.94,6.19
1238,27848,3.47,80.69,15.84
1239,44379,2.94,83.82,13.24
1240,54115,4.74,90.52,4.74
1241,12334,5.7,89.12,5.18
1242,40141,3.57,90.48,5.95
1243,18058,8.15,54.07,37.78
1244,18069,14.04,77.53,8.43
1245,18125,23.24,49.73,27.03
1246,18149,4.62,86.67,8.72
1247,18226,4.48,79.1,16.42
1248,18307,4.83,84.06,11.11
1249,18439,5.68,86.03,8.3
1250,18510,6.83,84.39,8.78
1251,2175,3.69,86.07,10.25
1252,49961,8.61,73.51,17.88
1253,9016,6.09,73.91,20
1254,32267,3.92,86.27,9.8
1255,8894,5.53,66.82,27.65
1256,47085,6.97,81.09,11.94
1257,45558,9.6,72.8,17.6
1258,57013,10,69.23,20.77
1259,20306,5,89.23,5.77
1260,34038,2.45,85.29,12.25
1261,14960,1.87,88.06,10.07
1262,28609,4.79,76.71,18.49
1263,4218,3.77,90.57,5.66
1264,17925,4.2,84.73,11.07
1265,30510,4.79,87.67,7.53
1266,56195,4.93,83.86,11.21
1267,22001,10,81.67,8.33
1268,2478,10.57,76.42,13.01
1269,52443,3.08,91.54,5.38
1270,30800,5.28,87.4,7.32
1271,50234,5.26,72.93,21.8
1272,27549,3.54,76.38,20.08
1273,27598,4.46,88.84,6.7
1274,27650,15.79,61.65,22.56
1275,27665,26.54,54.94,18.52
1276,27750,2.7,92.79,4.5
1277,27807,5.16,84.51,10.33
1278,27871,11.72,70.31,17.97
1279,27974,9.09,67.77,23.14
1280,44496,5.56,72.22,22.22
1281,10929,5.59,76.92,17.48
1282,14159,2.92,89.58,7.5
1283,26577,10.91,62.73,26.36
1284,19287,6.85,84.47,8.68
1285,58436,7.69,82.05,10.26
1286,54185,5.14,82.24,12.62
1287,33989,2.94,92.44,4.62
1288,25812,6.7,83.8,9.5
1289,35962,2.71,90.7,6.59
1290,43017,8.61,77.48,13.91
1291,40405,6.09,71.3,22.61
1292,44610,3.87,88.39,7.74
1293,721,2.37,73.91,23.72
1294,4644,8.81,79.87,11.32
1295,51889,3.55,81.07,15.38
1296,38359,9.6,80,10.4
1297,59720,3.8,84.81,11.39
1298,56880,4.07,90.05,5.88
1299,52004,5.88,77.94,16.18
1300,41600,3.32,69.37,27.31
1301,32398,9.74,77.92,12.34
1302,2697,6.76,84.54,8.7
1303,56844,2.81,83.71,13.48
1304,59371,5.96,83.03,11.01
1305,32586,6.25,86.61,7.14
1306,58127,3.72,86.78,9.5
1307,18003,2.72,88.04,9.24
1308,32850,10.57,73.98,15.45
1309,14118,8.05,50,41.95
1310,31259,2.34,84.58,13.08
1311,43750,5.17,87.08,7.75
1312,43748,2.94,88.73,8.33
1313,11139,10,71.43,18.57
1314,21723,8.06,70.97,20.97
1315,6447,3.7,81.48,14.81
1316,17002,3.59,85.65,10.76
1317,51780,5.52,84.53,9.94
1318,51638,3.89,82.78,13.33
1319,9456,4.3,59.68,36.02
1320,40862,4.96,71.07,23.97
1321,53890,5.04,78.15,16.81
1322,2357,8.76,78.1,13.14
1323,32601,4.44,90.67,4.89
1324,57109,4.79,87.77,7.45
1325,58527,4.71,82.72,12.57
1326,5354,4.5,86.94,8.56
1327,10209,7.21,87.98,4.81
1328,57815,7.63,77.97,14.41
1329,38839,5.56,65.56,28.89
1330,23127,11.76,72.27,15.97
1331,10956,2.89,85.55,11.56
1332,42114,3.03,70.83,26.14
1333,46022,6.86,83.43,9.71
1334,46098,8.63,77.7,13.67
1335,46151,3.14,89.31,7.55
1336,46227,15.46,71.65,12.89
1337,46231,11.11,78.67,10.22
1338,46299,4.67,85.33,10
1339,46377,5.79,86.84,7.37
1340,46430,6.84,74.36,18.8
1341,39468,4.98,90.87,4.15
1342,43553,3.46,70.13,26.41
1343,12190,6.12,81.63,12.24
1344,43923,3.2,91.2,5.6
1345,55817,5.23,79.08,15.69
1346,8383,4.92,83.06,12.02
1347,25606,2.37,92.89,4.74
1348,38755,3.63,91.19,5.18
1349,20595,6.76,84.23,9.01
1350,45267,5.24,82.97,11.79
1351,10733,10.34,68.97,20.69
1352,53626,2.26,92.76,4.98
1353,14964,6.16,86.73,7.11
1354,42380,4.47,83.24,12.29
1355,43754,4.76,86.77,8.47
1356,2497,3.5,71.98,24.51
1357,32752,12.3,65.57,22.13
1358,57510,2.62,77.49,19.9
1359,44890,11.4,77.19,11.4
1360,48416,4.87,87.64,7.49
1361,33337,5.12,87.44,7.44
1362,33610,5.33,81.33,13.33
1363,7716,3.27,79.74,16.99
1364,45447,5.41,88.74,5.86
1365,36543,9.86,78.87,11.27
1366,49449,3.73,83.82,12.45
1367,3933,4.89,85.33,9.78
1368,28258,4.27,75.61,20.12
1369,5020,5.83,88.79,5.38
1370,54851,6.36,86.82,6.82
1371,44653,4.26,83.4,12.34
1372,54458,5.7,67.98,26.32
1373,50829,4.76,90.48,4.76
1374,8773,5.46,82.77,11.76
1375,8810,4.88,80.49,14.63
1376,8953,5,88.18,6.82
1377,9034,6.92,74.84,18.24
1378,9089,3.25,91.06,5.69
1379,9170,26.21,59.31,14.48
1380,9182,20,73.14,6.86
1381,9276,7.34,60.45,32.2
1382,13420,5.75,90.04,4.21
1383,59495,2.08,80,17.92
1384,18901,1.92,92.31,5.77
1385,33772,6.1,68.9,25
1386,23606,7.45,83.85,8.7
1387,55513,6.45,75.81,17.74
1388,41588,5.05,87.88,7.07
1389,58502,4.42,85.84,9.73
1390,50940,6.64,86.26,7.11
1391,17825,9.48,81.9,8.62
1392,3644,2.8,85.6,11.6
1393,43537,5.96,82.57,11.47
1394,11797,3.4,78.23,18.37
1395,36311,6.5,56.91,36.59
1396,35749,8.28,78.34,13.38
1397,28100,6.9,74.14,18.97
1398,56037,5.05,88.53,6.42
1399,8433,3.52,66.08,30.4
1400,16824,7.32,73.98,18.7
1401,3465,3.14,83.86,13
1402,49291,3.46,90.04,6.49
1403,2083,12.61,74.79,12.61
1404,51984,9.46,81.08,9.46
1405,47914,4.72,86.27,9.01
1406,48863,4.02,68.67,27.31
1407,21553,10.71,80.71,8.57
1408,24552,5.24,85.39,9.36
1409,48252,3.95,87.35,8.7
1410,38201,9.66,72.41,17.93
1411,30,4.52,89.83,5.65
1412,7318,6.51,81.07,12.43
1413,51333,6.3,84.25,9.45
1414,57706,4.31,87.07,8.62
1415,34007,3.55,81.73,14.72
1416,58213,3.57,92.06,4.37
1417,18343,5,88,7
1418,51973,7.34,82.57,10.09
1419,17902,4.89,89.33,5.78
1420,14455,5.07,88.94,5.99
1421,30193,6.78,70.34,22.88
1422,3998,9.02,66.92,24.06
1423,8140,12.4,71.07,16.53
1424,17149,3.36,86.57,10.07
1425,11474,6.45,82.8,10.75
1426,25026,3.4,84.35,12.24
1427,15839,7.41,75,17.59
1428,31410,4.49,76.92,18.59
1429,619,5.88,82.35,11.76
1430,52345,8.02,84.49,7.49
1431,24174,4.65,85.58,9.77
1432,4544,5.17,86.35,8.49
1433,16391,3.7,87.04,9.26
1434,9845,6.49,48.7,44.81
1435,7937,4.07,88.15,7.78
1436,59284,4.88,87.2,7.93
1437,572,7.38,81.15,11.48
1438,10940,8.88,80.47,10.65
1439,4293,4.35,86.59,9.06
1440,17909,9.92,70.23,19.85
1441,46577,4.47,78.77,16.76
1442,33054,3.07,88.96,7.98
1443,40194,5.26,84.96,9.77
1444,47527,4.86,79.46,15.68
1445,34833,7.25,85.51,7.25
1446,46786,2.7,90.81,6.49
1447,28594,3.8,88.19,8.02
1448,33326,4,85.33,10.67
1449,30688,2.87,81.03,16.09
1450,49210,3.93,82.97,13.1
1451,55555,4.25,85.85,9.91
1452,24824,4.05,90.99,4.95
1453,49081,4.53,86.01,9.47
1454,18048,3.94,83.74,12.32
1455,18075,19.86,70.55,9.59
1456,18105,16.15,77.08,6.77
1457,18159,6.41,76.92,16.67
1458,18282,8.11,78.92,12.97
1459,18372,4.51,68.44,27.05
1460,18407,4.95,79.67,15.38
1461,18455,5.2,87.28,7.51
1462,1256,2.65,88.5,8.85
1463,58866,4.49,77.56,17.95
